NC_000913.3
15464 16655
19873 20487
223542 227493
228552 228928
257908 258683
270616 271684
274032 275072
279240 280034
290518 291324
315306 316406
381337 382515
566848 567958
608084 609274
687924 688974
729879 730458
731135 733152
781145 781577
1049982 1050468
1094322 1095426
1097219 1097582
1286785 1287071
1299495 1300693
1396118 1397166
1433199 1434659
1468616 1469295
1528404 1529097
1570945 1571725
1634175 1634945
1650920 1651471
1978503 1979278
2066253 2067222
2069017 2070196
2101823 2102871
2170246 2171351
2288996 2289982
2521123 2521443
2726469 2727462
2729205 2731295
2817860 2818473
2996438 2996989
3130223 3131267
3186172 3187349
3365650 3366677
3423495 3428831
3583504 3584122
3619350 3619410
3621676 3622785
3652107 3653157
3666282 3666804
3762479 3765750
3941739 3946872
4035242 4037009
4037576 4040723
4166376 4171888
4176156 4177032
4209703 4213089
4392437 4392583
4498258 4499435
4507535 4508602
