NC_000913.3
15464 16655
19873 20487
223702 225738
228845 228928
257908 258683
270616 271684
274032 275072
279240 280035
315306 316406
381337 382515
566848 567958
574663 575713
687924 688974
696508 696752
729879 730458
731135 733152
781145 781767
1094322 1095426
1097219 1097582
1299499 1300697
1396117 1397166
1432351 1434659
1467986 1469295
1528404 1529097
1570747 1571725
1978503 1979278
2069018 2070196
2101823 2102871
2170246 2171351
2288996 2290036
2514350 2515540
2726139 2731295
2817861 2818470
2996438 2997614
3130220 3131269
3186172 3187350
3365629 3366677
3423495 3428917
3470241 3470655
3583504 3584122
3619350 3620067
3621676 3622785
3666480 3666804
3763136 3765750
3941739 3946872
4035242 4040723
4166376 4171888
4176156 4176540
4207920 4208000
4209703 4213089
4507536 4508602
