NC_000913.3
19820 20540
223489 228982
239122 239353
257908 258683
264147 264306
265055 265230
266349 267995
271586 272166
273979 275125
279186 280088
290151 290958
315152 315228
339774 340093
349642 349926
357497 357919
374945 375301
377345 377506
508603 508802
523326 523617
525066 525822
526721 526922
574550 575946
578236 578472
581690 581969
685797 686073
687870 689027
696339 697110
729536 733272
734552 735134
736326 738804
780577 781820
1050221 1050525
1051356 1051477
1196272 1196327
1207587 1207780
1208465 1208765
1223270 1224003
1269117 1270595
1286732 1287599
1299495 1300693
1396064 1397219
1423309 1423545
1428541 1428627
1431794 1432823
1435718 1435858
1466127 1466875
1468616 1470492
1527977 1529379
1531735 1533281
1552059 1552343
1634473 1634708
1635321 1635541
1637149 1637396
1708638 1709044
1969789 1969887
1978495 1979270
2035022 2035119
2044556 2044605
2062267 2062316
2066200 2067329
2101770 2102924
2118494 2118601
2151576 2151694
2252646 2252972
2288940 2290089
2304424 2305041
2347187 2347299
2469337 2469523
2470108 2470244
2470857 2471157
2471906 2472099
2520955 2521503
2653419 2653800
2726031 2731461
2768675 2769866
2770500 2770824
2775894 2776070
2776818 2776977
2778160 2778444
2782823 2783051
2817714 2818526
2877906 2878441
2904038 2904384
2947411 2947659
2984441 2984738
3105304 3105499
3130165 3131440
3194567 3195207
3231111 3231470
3269742 3270214
3365576 3366731
3392070 3392343
3423283 3423867
3426804 3427206
3583451 3584175
3619215 3619410
3620983 3622856
3624234 3625500
3648147 3648377
3652054 3653212
3708343 3708610
3762137 3766659
3767244 3767625
3859240 3859513
3941466 3946925
4027350 4027581
4035189 4040868
4153370 4153669
4166323 4171941
4207867 4213142
4286501 4286680
4295856 4296409
4325847 4326356
4392384 4392636
4507160 4507634
4509051 4509291
4518500 4519196
4571089 4571359
4606102 4606626
4614278 4614644
